year,saldo,nacidos,fallecidos
1996,-1641,6650,8291
1997,-1726,6764,8490
1998,-2153,6599,8752
1999,-2102,7034,9136
2000,-1271,7277,8548
2001,-1001,7696,8697
2002,-980,7831,8811
2003,-1037,8350,9387
2004,-557,8540,9097
2005,-649,8712,9361
2006,352,9235,8883
2007,482,9682,9200
2008,1021,10292,9271
2009,670,9745,9075
2010,744,9763,9019
2011,124,9484,9360
2012,-507,8945,9452
2013,-615,8617,9232
2014,-798,8758,9556
2015,-1306,8496,9802
2016,-1174,8149,9323
2017,-2043,7862,9905
