year,saldo,nacidos,fallecidos
1996,-663,1005,1668
1997,-759,1067,1826
1998,-809,990,1799
1999,-850,935,1785
2000,-609,1070,1679
2001,-629,1003,1632
2002,-774,909,1683
2003,-772,996,1768
2004,-557,1078,1635
2005,-624,1114,1738
2006,-535,1136,1671
2007,-458,1232,1690
2008,-411,1242,1653
2009,-470,1245,1715
2010,-498,1182,1680
2011,-519,1197,1716
2012,-577,1136,1713
2013,-558,1124,1682
2014,-562,1111,1673
2015,-765,986,1751
2016,-575,1059,1634
2017,-767,946,1713
